-10.0	 0.00004312990 
-9.9	 0.00004766590 
-9.8	 0.00005267900 
-9.7	 0.00005821930 
-9.6	 0.00006434230 
-9.5	 0.00007110920 
-9.4	 0.00007858790 
-9.3	 0.00008685300 
-9.2	 0.00009598740 
-9.1	 0.00010608300 
-9.0	 0.00011723900 
-8.9	 0.00012956900 
-8.8	 0.00014319600 
-8.7	 0.00015825700 
-8.6	 0.00017490100 
-8.5	 0.00019329500 
-8.4	 0.00021362400 
-8.3	 0.00023609100 
-8.2	 0.00026092100 
-8.1	 0.00028836200 
-8.0	 0.00031868900 
-7.9	 0.00035220600 
-7.8	 0.00038924800 
-7.7	 0.00043018600 
-7.6	 0.00047542900 
-7.5	 0.00052543000 
-7.4	 0.00058069000 
-7.3	 0.00064176200 
-7.2	 0.00070925700 
-7.1	 0.00078385000 
-7.0	 0.00086628800 
-6.9	 0.00095739600 
-6.8	 0.00105808600 
-6.7	 0.00116936600 
-6.6	 0.00129235000 
-6.5	 0.00142826700 
-6.4	 0.00157847900 
-6.3	 0.00174449000 
-6.2	 0.00192795900 
-6.1	 0.00213072400 
-6.0	 0.00235481500 
-5.9	 0.00260247300 
-5.8	 0.00287617700 
-5.7	 0.00317866700 
-5.6	 0.00351297100 
-5.5	 0.00388243300 
-5.4	 0.00429075200 
-5.3	 0.00474201400 
-5.2	 0.00524073600 
-5.1	 0.00579190900 
-5.0	 0.00640105000 
-4.9	 0.00707425400 
-4.8	 0.00781826000 
-4.7	 0.00864051300 
-4.6	 0.00954924400 
-4.5	 0.01055354700 
-4.4	 0.01166347300 
-4.3	 0.01289013100 
-4.2	 0.01424579800 
-4.1	 0.01574404200 
-4.0	 0.01739985700 
-3.9	 0.01922981600 
-3.8	 0.02125223300 
-3.7	 0.02348735000 
-3.6	 0.02595753600 
-3.5	 0.02868751400 
-3.4	 0.03170460600 
-3.3	 0.03503900900 
-3.2	 0.03872409400 
-3.1	 0.04279674200 
-3.0	 0.04729771500 
-2.9	 0.05227205900 
-2.8	 0.05776955900 
-2.7	 0.06384523700 
-2.6	 0.07055989900 
-2.5	 0.07798074900 
-2.4	 0.08618205600 
-2.3	 0.09524590200 
-2.2	 0.10526300000 
-2.1	 0.11633360700 
-2.0	 0.12856851900 
-1.9	 0.14209018800 
-1.8	 0.15703394400 
-1.7	 0.17354934800 
-1.6	 0.19180169200 
-1.5	 0.21197365200 
-1.4	 0.23426711600 
-1.3	 0.25890520300 
-1.2	 0.28613450100 
-1.1	 0.31622753000 
-1.0	 0.34948546900 
-0.9	 0.38624117700 
-0.8	 0.42686251600 
-0.7	 0.47175603900 
-0.6	 0.52137105400 
-0.5	 0.57620412700 
-0.4	 0.63680404400 
-0.3	 0.70377731000 
-0.2	 0.77779421500 
-0.1	 0.85959554700 
0.0	 0.95000000000 
0.1	 0.04524187100 
0.2	 0.04093653800 
0.3	 0.03704091100 
0.4	 0.03351600200 
0.5	 0.03032653300 
0.6	 0.02744058200 
0.7	 0.02482926500 
0.8	 0.02246644800 
0.9	 0.02032848300 
1.0	 0.01839397200 
1.1	 0.01664355400 
1.2	 0.01505971100 
1.3	 0.01362659000 
1.4	 0.01232984800 
1.5	 0.01115650800 
1.6	 0.01009482600 
1.7	 0.00913417600 
1.8	 0.00826494400 
1.9	 0.00747843100 
2.0	 0.00676676400 
2.1	 0.00612282100 
2.2	 0.00554015800 
2.3	 0.00501294200 
2.4	 0.00453589800 
2.5	 0.00410425000 
2.6	 0.00371367900 
2.7	 0.00336027600 
2.8	 0.00304050300 
2.9	 0.00275116100 
3.0	 0.00248935300 
3.1	 0.00225246000 
3.2	 0.00203811000 
3.3	 0.00184415800 
3.4	 0.00166866300 
3.5	 0.00150986900 
3.6	 0.00136618600 
3.7	 0.00123617600 
3.8	 0.00111853900 
3.9	 0.00101209600 
4.0	 0.00091578200 
4.1	 0.00082863400 
4.2	 0.00074977900 
4.3	 0.00067842800 
4.4	 0.00061386700 
4.5	 0.00055545000 
4.6	 0.00050259200 
4.7	 0.00045476400 
4.8	 0.00041148700 
4.9	 0.00037232900 
5.0	 0.00033689700 
5.1	 0.00030483700 
5.2	 0.00027582800 
5.3	 0.00024958000 
5.4	 0.00022582900 
5.5	 0.00020433900 
5.6	 0.00018489300 
5.7	 0.00016729800 
5.8	 0.00015137800 
5.9	 0.00013697200 
6.0	 0.00012393800 
6.1	 0.00011214300 
6.2	 0.00010147200 
6.3	 0.00009181520 
6.4	 0.00008307790 
6.5	 0.00007517200 
6.6	 0.00006801840 
6.7	 0.00006154560 
6.8	 0.00005568880 
6.9	 0.00005038930 
7.0	 0.00004559410 
7.1	 0.00004125520 
7.2	 0.00003732930 
7.3	 0.00003377690 
7.4	 0.00003056260 
7.5	 0.00002765420 
7.6	 0.00002502260 
7.7	 0.00002264140 
7.8	 0.00002048670 
7.9	 0.00001853720 
8.0	 0.00001677310 
8.1	 0.00001517700 
8.2	 0.00001373270 
8.3	 0.00001242580 
8.4	 0.00001124340 
8.5	 0.00001017340 
8.6	 0.00000920529 
8.7	 0.00000832929 
8.8	 0.00000753665 
8.9	 0.00000681945 
9.0	 0.00000617049 
9.1	 0.00000558329 
9.2	 0.00000505197 
9.3	 0.00000457121 
9.4	 0.00000413620 
9.5	 0.00000374259 
9.6	 0.00000338644 
9.7	 0.00000306417 
9.8	 0.00000277258 
9.9	 0.00000250873 
10.0	 0.00000227000 
